lock-free stack
N     | 2              | 2              | 2              | 2              | 2              | 4              | 4              | 4              | 4              | 4              | 8              | 8              | 8              | 8              | 8                |
M    | 100          | 1000        | 10000      | 100000    | 1000000  | 100          | 1000        | 10000      | 100000    | 1000000  | 100          | 1000        | 10000      | 100000    | 1000000    |
t, c   | 0.046793 | 0.050044 | 0.061212 | 0.421808 | 3.174585 | 0.085720 | 0.102346 | 0.183007 | 0.910620 | 6.276899 | 0.109796 | 0.177099 | 0.256333 | 1.912686 | 13.479154 |

stack with locking???
N     | 2              | 2              | 2              | 2              | 2              | 4              | 4              | 4              | 4              | 4              | 8              | 8              | 8              | 8              | 8                |
M    | 100          | 1000        | 10000      | 100000    | 1000000  | 100          | 1000        | 10000      | 100000    | 1000000  | 100          | 1000        | 10000      | 100000    | 1000000    |
t, c   | 0.046793 | 0.050044 | 0.061212 | 0.421808 | 3.174585 | 0.085720 | 0.102346 | 0.183007 | 0.910620 | 6.276899 | 0.109796 | 0.177099 | 0.256333 | 1.912686 | 13.479154 |

lock-free queue
N     | 2              | 2              | 2              | 2              | 2              | 4              | 4              | 4              | 4              | 4              | 8              | 8              | 8              | 8              | 8                |
M    | 100          | 1000        | 10000      | 100000    | 1000000  | 100          | 1000        | 10000      | 100000    | 1000000  | 100          | 1000        | 10000      | 100000    | 1000000    |
t, c   | 0.042216 | 0.043248 | 0.089745 | 0.589583 | 4.391906 | 0.065826 | 0.070863 | 0.218405 | 1.113422 | 8.943312 | 0.128743 | 0.155620 | 0.301672 | 2.730737 | 19.214873 |

queue with locking???
N     | 2              | 2              | 2              | 2              | 2              | 4              | 4              | 4              | 4              | 4              | 8              | 8              | 8              | 8              | 8                |
M    | 100          | 1000        | 10000      | 100000    | 1000000  | 100          | 1000        | 10000      | 100000    | 1000000  | 100          | 1000        | 10000      | 100000    | 1000000    |
t, c   | 0.042216 | 0.043248 | 0.089745 | 0.589583 | 4.391906 | 0.065826 | 0.070863 | 0.218405 | 1.113422 | 8.943312 | 0.128743 | 0.155620 | 0.301672 | 2.730737 | 19.214873 |
